
Proposed letter disribution (EN):

A : 0.08918
B : 0.01503
C : 0.02605
D : 0.03908
E : 0.12625
F : 0.02004
G : 0.01904
H : 0.05311
I : 0.06914
J : 0.00200
K : 0.00802
L : 0.04509
M : 0.02505
N : 0.07114
O : 0.07315
P : 0.01904
Q : 0.00100
R : 0.06413
S : 0.06413
T : 0.09118
U : 0.03006
V : 0.01102
W : 0.01904
X : 0.00100
Y : 0.01703
Z : 0.00100
